function model = createmodel()

n=50;
w=[625 192 202 372 553 772 252 690 219 323 639 193 813 187 402 736 544 720 806 487 583 ...
    810 421 455 520 720 709 848 885 395 675 686 607 338 340 740 497 878 167 649 611 136 ...
    547 661 779 155 233 519 129 421];

v=[18 23 41 19 55 22 27 47 81 29 82 19 31 74 19 41 79 47 75 82 37 35 22 53 70 33 30 30 ...
    69 64 34 54 17 15 65 65 69 17 42 83 23 33 51 66 50 21 74 38 19 63];
W=15000;

model.n=n;
model.v=v;
model.w=w;
model.W=W;


end